Boxes-Data:tensor([[5.0200e+02, 2.5100e+02, 1.4140e+03, 1.0690e+03, 8.9842e-01, 0.0000e+00]])Keypoints-Data:ultralytics.engine.results.Keypoints object with attributes:

conf: tensor([[0.9768, 0.9895, 0.9799, 0.9348, 0.7348, 0.5348, 0.6395, 0.0046, 0.0075, 0.0089, 0.0123, 0.0015, 0.0020, 0.0034, 0.0049, 0.0098, 0.0132]])
data: tensor([[[8.9509e+02, 6.8224e+02, 9.7680e-01],
         [9.7378e+02, 5.8865e+02, 9.8954e-01],
         [8.1052e+02, 5.9688e+02, 9.7989e-01],
         [1.0902e+03, 6.4758e+02, 9.3475e-01],
         [7.0610e+02, 6.6815e+02, 7.3478e-01],
         [1.2984e+03, 1.0668e+03, 5.3484e-01],
         [5.5010e+02, 1.0428e+03, 6.3953e-01],
         [0.0000e+00, 0.0000e+00, 4.5731e-03],
         [0.0000e+00, 0.0000e+00, 7.4911e-03],
         [0.0000e+00, 0.0000e+00, 8.8854e-03],
         [0.0000e+00, 0.0000e+00, 1.2267e-02],
         [0.0000e+00, 0.0000e+00, 1.4707e-03],
         [0.0000e+00, 0.0000e+00, 2.0127e-03],
         [0.0000e+00, 0.0000e+00, 3.4044e-03],
         [0.0000e+00, 0.0000e+00, 4.9214e-03],
         [0.0000e+00, 0.0000e+00, 9.7691e-03],
         [0.0000e+00, 0.0000e+00, 1.3170e-02]]])
has_visible: True
orig_shape: (1080, 1920)
shape: torch.Size([1, 17, 3])
xy: tensor([[[ 895.0877,  682.2398],
         [ 973.7812,  588.6453],
         [ 810.5246,  596.8766],
         [1090.2351,  647.5751],
         [ 706.1010,  668.1476],
         [1298.3621, 1066.7732],
         [ 550.0953, 1042.8235],
         [   0.0000,    0.0000],
         [   0.0000,    0.0000],
         [   0.0000,    0.0000],
         [   0.0000,    0.0000],
         [   0.0000,    0.0000],
         [   0.0000,    0.0000],
         [   0.0000,    0.0000],
         [   0.0000,    0.0000],
         [   0.0000,    0.0000],
         [   0.0000,    0.0000]]])
xyn: tensor([[[0.4662, 0.6317],
         [0.5072, 0.5450],
         [0.4221, 0.5527],
         [0.5678, 0.5996],
         [0.3678, 0.6187],
         [0.6762, 0.9878],
         [0.2865, 0.9656],
         [0.0000, 0.0000],
         [0.0000, 0.0000],
         [0.0000, 0.0000],
         [0.0000, 0.0000],
         [0.0000, 0.0000],
         [0.0000, 0.0000],
         [0.0000, 0.0000],
         [0.0000, 0.0000],
         [0.0000, 0.0000],
         [0.0000, 0.0000]]])Names-Data:{0: 'person'}Masks-Data:None